6, 14, 25, 31, 41, 60, 70, 82, 84, 85, 97, 102, 111, 116, 129, 134, 146, 149, 166, 170, 172, 197, 217, 219, 225, 240, 253, 262, 263, 272, 285, 305, 318, 
3, 5, 23, 67, 71, 115, 152, 195, 226, 232, 258, 300, 303, 
20, 34, 38, 42, 54, 56, 79, 86, 90, 113, 124, 125, 126, 140, 153, 155, 228, 231, 235, 242, 243, 244, 261, 298, 
26, 63, 130, 207, 220, 233, 239, 260, 264, 302, 
80, 87, 100, 120, 139, 142, 147, 154, 158, 171, 183, 204, 209, 271, 275, 322, 
40, 46, 62, 77, 83, 109, 121, 133, 141, 150, 187, 192, 222, 230, 234, 252, 266, 267, 286, 306, 
1, 4, 8, 18, 27, 29, 35, 65, 66, 75, 88, 103, 107, 164, 176, 178, 188, 212, 245, 270, 278, 287, 304, 314, 
9, 13, 16, 17, 22, 36, 49, 51, 52, 57, 91, 94, 95, 96, 98, 101, 106, 110, 122, 138, 161, 168, 169, 173, 174, 177, 181, 196, 202, 208, 221, 236, 237, 248, 256, 265, 277, 292, 293, 308, 311, 317, 
30, 32, 33, 55, 58, 89, 93, 137, 148, 191, 211, 229, 238, 269, 283, 294, 296, 321, 
12, 59, 78, 92, 99, 108, 132, 143, 156, 175, 216, 224, 249, 295, 299, 312, 
24, 28, 43, 44, 48, 76, 114, 127, 131, 144, 160, 163, 165, 179, 182, 184, 185, 189, 198, 215, 273, 276, 280, 307, 313, 319, 
10, 11, 21, 39, 47, 74, 105, 117, 123, 128, 145, 186, 227, 246, 251, 259, 281, 288, 290, 301, 309, 
2, 45, 53, 61, 64, 68, 69, 73, 112, 151, 180, 200, 203, 205, 223, 250, 268, 274, 284, 310, 
0, 7, 104, 119, 136, 167, 190, 193, 199, 210, 213, 214, 218, 282, 289, 297, 316, 
15, 19, 37, 50, 72, 81, 118, 135, 157, 159, 162, 194, 201, 206, 241, 247, 254, 255, 257, 279, 291, 315, 320, 323, 
