Move	RPRICE	MPRICE
208.2365	-0.4588	-0.9674
-135.0079	0.1696	0.5470
-92.0971	0.0298	0.0041
1678.5693	-0.9767	-2.0229
78.1506	-0.1906	-0.1444
819.7488	-0.4771	-1.0224
98.3899	-0.5928	-1.1098
1899.3726	-0.8364	-1.4303
171.9331	-0.2564	-0.2675
-103.6621	-0.0082	-0.0897
-100.2766	0.0302	0.0052
-189.8665	0.0218	-0.0155
-173.5579	0.0629	0.0859
-113.6351	0.0483	0.0499
-167.9434	0.0245	-0.0090
-116.4299	0.0527	0.0608
77.8771	0.0249	-0.0079
-90.2786	-0.0558	-0.2075
-128.3535	0.0329	0.0117
756.2876	-0.9613	-1.9847
-70.2502	0.2134	0.8549
604.6204	-0.4892	-1.0427
-26.0888	0.0002	0.1281
630.0820	-0.4879	-1.0394
-104.4224	-0.0112	0.0998
-136.8146	0.0487	0.0510
-181.0714	0.0346	0.0161
-170.0452	0.0567	0.0706
-108.4557	0.0479	0.0488
-109.0460	0.0223	-0.0145
-147.0203	0.0271	-0.0025
-96.4814	0.0430	0.0368
-119.2512	0.0179	-0.0254
46.8260	-0.1676	-0.3894
-71.8336	0.0709	0.1847
-137.6617	0.0090	-0.0472
-94.1225	0.0421	0.0346
-130.8923	0.0170	-0.0275
517.6723	0.0377	0.0237
-57.4114	-0.2521	-0.6930
-166.7889	0.0536	0.0630
8.9033	0.0470	0.0466
406.9528	-0.0293	-0.1421
-99.1792	-0.1912	-0.5424
-127.8400	0.0611	0.0815
-192.5587	0.0284	0.0008
-152.5579	0.0629	0.0859
-173.8661	0.0390	0.0270
-44.4299	-0.1473	-0.3392
-187.7302	0.1075	0.2752
-117.7889	0.0536	0.0630
68.6976	-0.0746	-0.2067
-156.1500	0.0053	-0.0170
-59.1478	0.0545	0.0652
511.2868	-0.5007	-1.0711
-149.6775	0.0435	0.2351
-203.9426	0.0589	0.0761
-166.3784	0.0624	0.0848
401.6212	-0.4548	-0.9576
-164.0099	0.0836	0.3343
-129.5836	0.0580	0.0739
-171.0971	0.0298	0.0041
-175.6094	0.0531	0.0619
-75.7120	0.0509	0.0565
-54.9438	0.0073	-0.2114
-179.5307	0.0278	-0.0812
-197.3500	0.2790	0.4451
-130.2953	0.1634	0.0804
-162.8341	0.1475	0.0411
-120.8337	0.1647	0.0837
76.9607	-0.1569	-0.5696
-182.9000	0.2312	0.3663
425.3715	-0.5309	-1.3052
-42.5270	0.3015	0.6980
189.9599	-0.0913	-0.4546
-149.8663	-0.0696	-0.3223
-210.1448	0.2834	0.4560
314.7305	-0.5318	-1.3074
-165.4489	0.3505	0.8191
-168.5262	0.1541	0.0575
-165.3721	0.1660	0.0869
-119.9363	0.1625	0.0782
-103.0393	0.1431	0.0302
-175.4240	0.1391	0.0204
-179.7053	0.1717	0.1011
-142.0900	0.1678	0.0913
563.3711	-0.5481	-1.3478
-104.0155	0.2438	0.5551
-163.2957	0.1462	0.0378
-106.0132	0.1651	0.0848
121.6528	-0.2635	-0.7860
-188.6291	0.2699	0.5014
-135.2695	0.4682	0.5225
-129.2773	0.0006	-0.3562
526.8074	0.1656	0.0858
0.2616	-0.1427	-0.6767
-159.7572	0.1448	0.0346
-188.4747	0.1638	0.0815
66.7563	-0.2269	-0.6954
-156.8081	0.2875	0.5450
-179.2699	0.1510	0.0502
-115.5048	0.1713	0.1001
-142.5824	0.1395	0.2584
430.7629	-0.6753	-0.6227
-117.7506	0.2124	0.3963
317.8062	-0.8069	-0.9919
-166.4438	0.3292	0.7284
-89.9886	0.1075	0.1590
-104.2200	0.0811	0.0936
-156.7069	0.0921	0.1208
-162.3218	0.1133	0.1732
-128.7833	0.1120	0.1699
328.1394	-0.7826	-0.9460
446.5771	-0.8915	-1.0546
-127.3996	0.4328	1.1188
105.5587	-0.3208	-1.1510
-137.8081	0.2875	0.6291
-167.0568	0.1311	0.5463
-145.2708	0.0891	-0.1447
-135.8072	0.1335	0.5086
268.6844	-0.6303	-0.9018
-105.2523	0.2574	0.6928
-120.6203	0.0654	0.1303
61.7390	-0.1183	0.1506
-54.1814	0.0606	0.0090
62.3539	-0.3395	-0.7569
-152.1304	0.2408	0.1793
-151.9410	0.1576	0.0663
459.8795	-0.5420	-1.3328
-116.1427	0.2883	0.6656
-153.1977	0.1435	0.0314
218.6232	-0.5389	-1.3252
-204.2171	0.3942	0.9275
-143.2742	0.1633	0.0805
-128.1462	0.1532	0.0554
-170.1720	0.1483	0.0434
-137.0690	0.1677	0.0914
30.2896	-0.2504	-0.7536
-173.0641	0.0078	-0.0046
-193.4876	0.3260	0.6012
33.4180	-0.5433	-1.3361
-248.7793	0.4767	1.1315
-161.2484	0.1682	0.0925
-122.0179	0.1602	1.6123
151.3309	-0.7665	0.2877
-85.4621	0.0631	0.1889
-76.9761	-0.0387	0.3563
-26.4892	-0.9497	0.3291
-67.8503	0.0481	0.4031
-50.6981	-0.0187	0.3159
-83.5407	-0.0594	-0.1858
-95.1992	0.0241	-0.6544
297.4743	-0.7602	0.0873
-64.0213	0.2134	0.6362
14.4099	-0.3995	-0.1513
-97.2979	0.1389	0.0209
-86.6714	0.0729	0.1349
-97.4208	0.0673	-0.1081
15.7637	-0.5946	0.1029
-106.0301	0.2570	0.3097
-49.9793	-0.3338	0.1321
-97.9302	0.1696	0.1489
5.4823	-0.3024	0.7894
-36.3841	0.0464	0.2471
-34.6745	-0.0353	-0.4709
-113.3640	0.0623	0.1227
146.8159	-1.0510	0.8638
125.2067	-0.9979	0.1544
148.2341	-0.1593	-0.4823
-32.2735	-0.3137	-0.0389
392.9591	-0.5257	0.8892
57.7837	-0.7415	-0.1830
414.3781	-0.5439	-0.4292
4.8519	-0.4960	-0.2921
90.2006	0.0190	0.1748
-33.2455	-0.1588	0.6856
-42.0781	0.0138	0.2529
-77.1604	-0.0365	0.4733
-65.3097	-0.0501	0.3279
-66.2328	-0.0528	0.3214
-51.5918	-0.0519	0.3235
-73.8996	-0.0585	0.3072
-40.3866	-0.0475	0.3344
309.4336	-0.7642	0.0850
4.1941	0.0214	-0.7702
-118.6461	0.0605	0.1183
185.7390	-0.6183	0.9051
-44.0859	0.8516	0.0479
-64.3668	0.5374	-0.5667
-97.6358	0.6487	0.0732
-91.3026	0.6429	0.0590
351.4153	-0.8588	0.7890
13.9640	-0.4075	-0.0988
-105.4570	0.8800	-0.4375
-83.8153	0.6491	0.5543
333.6120	-0.9290	0.6025
-8.6179	0.7824	-0.0101
5.7318	0.5035	0.1978
-1.7813	0.4925	-0.8294
-104.0202	0.6347	0.0186
-73.7377	0.6537	0.0655
271.0824	-0.8631	0.0234
-106.9980	0.9348	-0.1367
10.3649	0.1559	0.0707
-75.9143	0.7484	0.0007
105.1850	-0.5609	0.0289
-117.0691	0.9182	0.0018
-83.1993	0.6524	0.0623
80.2876	-0.5587	0.0343
-115.3766	0.8888	0.0279
23.3318	-0.8283	0.0608
-124.8575	0.9681	0.1247
255.1576	-0.8343	0.0527
-76.7928	0.9392	-0.1258
-85.8918	0.6418	0.0361
-78.9687	0.6444	0.0844
-110.1490	0.6352	0.3389
104.5898	-0.8602	0.1276
291.6216	-0.5422	0.1090
203.6322	-0.3346	-0.1130
-78.4734	0.8437	0.0204
-0.3854	-0.1024	0.5536
-61.3838	0.6919	0.2010
52.6940	-0.2585	0.1861
-70.1982	0.6993	0.1844
49.5287	-0.2512	0.1982
40.6223	-0.0702	0.1850
-101.1982	-0.0707	0.1839
-95.6839	0.7619	0.3393
-80.4713	0.5488	-0.2373
-43.7954	0.1084	0.5799
-65.6814	0.6695	0.2161
12.5814	-0.1623	0.1884
-91.5375	0.6672	0.2143
5.5242	-0.4372	-0.7792
-99.3315	-0.0561	0.0914
-55.1773	-0.0442	0.1208
-108.3830	0.9342	0.0673
-123.0425	0.6637	1.3685
-50.2710	0.4944	0.4220
-16.1712	0.2325	0.2921
-27.9087	0.0329	0.2979
-39.1657	0.1135	0.3415
-24.1657	-0.1865	-1.1833
-122.0601	0.4050	0.1152
861.1299	-1.1335	0.0752
-1.2306	-0.2302	-0.7838
-91.6527	0.1843	1.6863
-22.8361	0.1786	0.3230
